Gau:  -112.0825350104633
CQ:   -112.0825349910
Diff: 1.94633003e-8
